-5.0000000000 0.0000000152
-4.9800000000 0.0000000172
-4.9600000000 0.0000000193
-4.9400000000 0.0000000218
-4.9200000000 0.0000000245
-4.9000000000 0.0000000276
-4.8800000000 0.0000000311
-4.8600000000 0.0000000349
-4.8400000000 0.0000000393
-4.8200000000 0.0000000441
-4.8000000000 0.0000000496
-4.7800000000 0.0000000556
-4.7600000000 0.0000000625
-4.7400000000 0.0000000701
-4.7200000000 0.0000000786
-4.7000000000 0.0000000881
-4.6800000000 0.0000000987
-4.6600000000 0.0000001105
-4.6400000000 0.0000001238
-4.6200000000 0.0000001385
-4.6000000000 0.0000001550
-4.5800000000 0.0000001733
-4.5600000000 0.0000001937
-4.5400000000 0.0000002165
-4.5200000000 0.0000002418
-4.5000000000 0.0000002700
-4.4800000000 0.0000003013
-4.4600000000 0.0000003361
-4.4400000000 0.0000003748
-4.4200000000 0.0000004178
-4.4000000000 0.0000004656
-4.3800000000 0.0000005186
-4.3600000000 0.0000005774
-4.3400000000 0.0000006426
-4.3200000000 0.0000007148
-4.3000000000 0.0000007949
-4.2800000000 0.0000008837
-4.2600000000 0.0000009819
-4.2400000000 0.0000010906
-4.2200000000 0.0000012108
-4.2000000000 0.0000013438
-4.1800000000 0.0000014908
-4.1600000000 0.0000016532
-4.1400000000 0.0000018326
-4.1200000000 0.0000020306
-4.1000000000 0.0000022491
-4.0800000000 0.0000024901
-4.0600000000 0.0000027558
-4.0400000000 0.0000030487
-4.0200000000 0.0000033713
-4.0000000000 0.0000037267
-3.9800000000 0.0000041178
-3.9600000000 0.0000045481
-3.9400000000 0.0000050214
-3.9200000000 0.0000055418
-3.9000000000 0.0000061136
-3.8800000000 0.0000067417
-3.8600000000 0.0000074314
-3.8400000000 0.0000081883
-3.8200000000 0.0000090188
-3.8000000000 0.0000099295
-3.7800000000 0.0000109278
-3.7600000000 0.0000120217
-3.7400000000 0.0000132197
-3.7200000000 0.0000145314
-3.7000000000 0.0000159668
-3.6800000000 0.0000175370
-3.6600000000 0.0000192538
-3.6400000000 0.0000211304
-3.6200000000 0.0000231805
-3.6000000000 0.0000254193
-3.5800000000 0.0000278633
-3.5600000000 0.0000305300
-3.5400000000 0.0000334386
-3.5200000000 0.0000366096
-3.5000000000 0.0000400653
-3.4800000000 0.0000438297
-3.4600000000 0.0000479285
-3.4400000000 0.0000523897
-3.4200000000 0.0000572433
-3.4000000000 0.0000625215
-3.3800000000 0.0000682591
-3.3600000000 0.0000744934
-3.3400000000 0.0000812646
-3.3200000000 0.0000886158
-3.3000000000 0.0000965934
-3.2800000000 0.0001052471
-3.2600000000 0.0001146301
-3.2400000000 0.0001247998
-3.2200000000 0.0001358173
-3.2000000000 0.0001477484
-3.1800000000 0.0001606632
-3.1600000000 0.0001746372
-3.1400000000 0.0001897506
-3.1200000000 0.0002060895
-3.1000000000 0.0002237458
-3.0800000000 0.0002428176
-3.0600000000 0.0002634097
-3.0400000000 0.0002856338
-3.0200000000 0.0003096091
-3.0000000000 0.0003354626
-2.9800000000 0.0003633297
-2.9600000000 0.0003933542
-2.9400000000 0.0004256896
-2.9200000000 0.0004604989
-2.9000000000 0.0004979554
-2.8800000000 0.0005382432
-2.8600000000 0.0005815579
-2.8400000000 0.0006281070
-2.8200000000 0.0006781107
-2.8000000000 0.0007318024
-2.7800000000 0.0007894295
-2.7600000000 0.0008512540
-2.7400000000 0.0009175532
-2.7200000000 0.0009886205
-2.7000000000 0.0010647662
-2.6800000000 0.0011463182
-2.6600000000 0.0012336229
-2.6400000000 0.0013270458
-2.6200000000 0.0014269728
-2.6000000000 0.0015338107
-2.5800000000 0.0016479882
-2.5600000000 0.0017699570
-2.5400000000 0.0019001927
-2.5200000000 0.0020391953
-2.5000000000 0.0021874911
-2.4800000000 0.0023456329
-2.4600000000 0.0025142016
-2.4400000000 0.0026938066
-2.4200000000 0.0028850876
-2.4000000000 0.0030887154
-2.3800000000 0.0033053927
-2.3600000000 0.0035358555
-2.3400000000 0.0037808743
-2.3200000000 0.0040412550
-2.3000000000 0.0043178400
-2.2800000000 0.0046115097
-2.2600000000 0.0049231830
-2.2400000000 0.0052538192
-2.2200000000 0.0056044184
-2.2000000000 0.0059760229
-2.1800000000 0.0063697185
-2.1600000000 0.0067866353
-2.1400000000 0.0072279487
-2.1200000000 0.0076948808
-2.1000000000 0.0081887010
-2.0800000000 0.0087107272
-2.0600000000 0.0092623267
-2.0400000000 0.0098449170
-2.0200000000 0.0104599667
-2.0000000000 0.0111089965
-1.9800000000 0.0117935796
-1.9600000000 0.0125153423
-1.9400000000 0.0132759653
-1.9200000000 0.0140771833
-1.9000000000 0.0149207861
-1.8800000000 0.0158086187
-1.8600000000 0.0167425817
-1.8400000000 0.0177246314
-1.8200000000 0.0187567798
-1.8000000000 0.0198410947
-1.7800000000 0.0209796995
-1.7600000000 0.0221747727
-1.7400000000 0.0234285480
-1.7200000000 0.0247433132
-1.7000000000 0.0261214099
-1.6800000000 0.0275652323
-1.6600000000 0.0290772267
-1.6400000000 0.0306598898
-1.6200000000 0.0323157678
-1.6000000000 0.0340474547
-1.5800000000 0.0358575907
-1.5600000000 0.0377488601
-1.5400000000 0.0397239897
-1.5200000000 0.0417857461
-1.5000000000 0.0439369336
-1.4800000000 0.0461803914
-1.4600000000 0.0485189905
-1.4400000000 0.0509556313
-1.4200000000 0.0534932394
-1.4000000000 0.0561347628
-1.3800000000 0.0588831681
-1.3600000000 0.0617414361
-1.3400000000 0.0647125580
-1.3200000000 0.0677995311
-1.3000000000 0.0710053537
-1.2800000000 0.0743330209
-1.2600000000 0.0777855187
-1.2400000000 0.0813658197
-1.2200000000 0.0850768767
-1.2000000000 0.0889216175
-1.1800000000 0.0929029388
-1.1600000000 0.0970237000
-1.1400000000 0.1012867172
-1.1200000000 0.1056947559
-1.1000000000 0.1102505253
-1.0800000000 0.1149566705
-1.0600000000 0.1198157659
-1.0400000000 0.1248303080
-1.0200000000 0.1300027077
-1.0000000000 0.1353352832
-0.9800000000 0.1408302521
-0.9600000000 0.1464897235
-0.9400000000 0.1523156906
-0.9200000000 0.1583100226
-0.9000000000 0.1644744566
-0.8800000000 0.1708105895
-0.8600000000 0.1773198704
-0.8400000000 0.1840035920
-0.8200000000 0.1908628828
-0.8000000000 0.1978986991
-0.7800000000 0.2051118170
-0.7600000000 0.2125028243
-0.7400000000 0.2200721130
-0.7200000000 0.2278198714
-0.7000000000 0.2357460766
-0.6800000000 0.2438504869
-0.6600000000 0.2521326351
-0.6400000000 0.2605918210
-0.6200000000 0.2692271047
-0.6000000000 0.2780373005
-0.5800000000 0.2870209699
-0.5600000000 0.2961764167
-0.5400000000 0.3055016804
-0.5200000000 0.3149945317
-0.5000000000 0.3246524674
-0.4800000000 0.3344727057
-0.4600000000 0.3444521828
-0.4400000000 0.3545875486
-0.4200000000 0.3648751641
-0.4000000000 0.3753110989
-0.3800000000 0.3858911284
-0.3600000000 0.3966107333
-0.3400000000 0.4074650976
-0.3200000000 0.4184491089
-0.3000000000 0.4295573582
-0.2800000000 0.4407841408
-0.2600000000 0.4521234577
-0.2400000000 0.4635690175
-0.2200000000 0.4751142393
-0.2000000000 0.4867522560
-0.1800000000 0.4984759178
-0.1600000000 0.5102777978
-0.1400000000 0.5221501964
-0.1200000000 0.5340851478
-0.1000000000 0.5460744266
-0.0800000000 0.5581095554
-0.0600000000 0.5701818123
-0.0400000000 0.5822822402
-0.0200000000 0.5944016558
0.0000000000 0.6065306597
0.0200000000 0.6186596475
0.0400000000 0.6307788205
0.0600000000 0.6428781982
0.0800000000 0.6549476305
0.1000000000 0.6669768109
0.1200000000 0.6789552903
0.1400000000 0.6908724913
0.1600000000 0.7027177229
0.1800000000 0.7144801955
0.2000000000 0.7261490371
0.2200000000 0.7377133090
0.2400000000 0.7491620228
0.2600000000 0.7604841569
0.2800000000 0.7716686739
0.3000000000 0.7827045382
0.3200000000 0.7935807340
0.3400000000 0.8042862828
0.3600000000 0.8148102622
0.3800000000 0.8251418236
0.4000000000 0.8352702114
0.4200000000 0.8451847808
0.4400000000 0.8548750167
0.4600000000 0.8643305520
0.4800000000 0.8735411860
0.5000000000 0.8824969026
0.5200000000 0.8911878885
0.5400000000 0.8996045510
0.5600000000 0.9077375355
0.5800000000 0.9155777429
0.6000000000 0.9231163464
0.6200000000 0.9303448082
0.6400000000 0.9372548956
0.6600000000 0.9438386963
0.6800000000 0.9500886338
0.7000000000 0.9559974818
0.7200000000 0.9615583782
0.7400000000 0.9667648383
0.7600000000 0.9716107672
0.7800000000 0.9760904721
0.8000000000 0.9801986733
0.8200000000 0.9839305143
0.8400000000 0.9872815716
0.8600000000 0.9902478635
0.8800000000 0.9928258579
0.9000000000 0.9950124792
0.9200000000 0.9968051145
0.9400000000 0.9982016190
0.9600000000 0.9992003199
0.9800000000 0.9998000200
1.0000000000 1.0000000000
1.0200000000 0.9998000200
1.0400000000 0.9992003199
1.0600000000 0.9982016190
1.0800000000 0.9968051145
1.1000000000 0.9950124792
1.1200000000 0.9928258579
1.1400000000 0.9902478635
1.1600000000 0.9872815716
1.1800000000 0.9839305143
1.2000000000 0.9801986733
1.2200000000 0.9760904721
1.2400000000 0.9716107672
1.2600000000 0.9667648383
1.2800000000 0.9615583782
1.3000000000 0.9559974818
1.3200000000 0.9500886338
1.3400000000 0.9438386963
1.3600000000 0.9372548956
1.3800000000 0.9303448082
1.4000000000 0.9231163464
1.4200000000 0.9155777429
1.4400000000 0.9077375355
1.4600000000 0.8996045510
1.4800000000 0.8911878885
1.5000000000 0.8824969026
1.5200000000 0.8735411860
1.5400000000 0.8643305520
1.5600000000 0.8548750167
1.5800000000 0.8451847808
1.6000000000 0.8352702114
1.6200000000 0.8251418236
1.6400000000 0.8148102622
1.6600000000 0.8042862828
1.6800000000 0.7935807340
1.7000000000 0.7827045382
1.7200000000 0.7716686739
1.7400000000 0.7604841569
1.7600000000 0.7491620228
1.7800000000 0.7377133090
1.8000000000 0.7261490371
1.8200000000 0.7144801955
1.8400000000 0.7027177229
1.8600000000 0.6908724913
1.8800000000 0.6789552903
1.9000000000 0.6669768109
1.9200000000 0.6549476305
1.9400000000 0.6428781982
1.9600000000 0.6307788205
1.9800000000 0.6186596475
2.0000000000 0.6065306597
2.0200000000 0.5944016558
2.0400000000 0.5822822402
2.0600000000 0.5701818123
2.0800000000 0.5581095554
2.1000000000 0.5460744266
2.1200000000 0.5340851478
2.1400000000 0.5221501964
2.1600000000 0.5102777978
2.1800000000 0.4984759178
2.2000000000 0.4867522560
2.2200000000 0.4751142393
2.2400000000 0.4635690175
2.2600000000 0.4521234577
2.2800000000 0.4407841408
2.3000000000 0.4295573582
2.3200000000 0.4184491089
2.3400000000 0.4074650976
2.3600000000 0.3966107333
2.3800000000 0.3858911284
2.4000000000 0.3753110989
2.4200000000 0.3648751641
2.4400000000 0.3545875486
2.4600000000 0.3444521828
2.4800000000 0.3344727057
2.5000000000 0.3246524674
2.5200000000 0.3149945317
2.5400000000 0.3055016804
2.5600000000 0.2961764167
2.5800000000 0.2870209699
2.6000000000 0.2780373005
2.6200000000 0.2692271047
2.6400000000 0.2605918210
2.6600000000 0.2521326351
2.6800000000 0.2438504869
2.7000000000 0.2357460766
2.7200000000 0.2278198714
2.7400000000 0.2200721130
2.7600000000 0.2125028243
2.7800000000 0.2051118170
2.8000000000 0.1978986991
2.8200000000 0.1908628828
2.8400000000 0.1840035920
2.8600000000 0.1773198704
2.8800000000 0.1708105895
2.9000000000 0.1644744566
2.9200000000 0.1583100226
2.9400000000 0.1523156906
2.9600000000 0.1464897235
2.9800000000 0.1408302521
3.0000000000 0.1353352832
3.0200000000 0.1300027077
3.0400000000 0.1248303080
3.0600000000 0.1198157659
3.0800000000 0.1149566705
3.1000000000 0.1102505253
3.1200000000 0.1056947559
3.1400000000 0.1012867172
3.1600000000 0.0970237000
3.1800000000 0.0929029388
3.2000000000 0.0889216175
3.2200000000 0.0850768767
3.2400000000 0.0813658197
3.2600000000 0.0777855187
3.2800000000 0.0743330209
3.3000000000 0.0710053537
3.3200000000 0.0677995311
3.3400000000 0.0647125580
3.3600000000 0.0617414361
3.3800000000 0.0588831681
3.4000000000 0.0561347628
3.4200000000 0.0534932394
3.4400000000 0.0509556313
3.4600000000 0.0485189905
3.4800000000 0.0461803914
3.5000000000 0.0439369336
3.5200000000 0.0417857461
3.5400000000 0.0397239897
3.5600000000 0.0377488601
3.5800000000 0.0358575907
3.6000000000 0.0340474547
3.6200000000 0.0323157678
3.6400000000 0.0306598898
3.6600000000 0.0290772267
3.6800000000 0.0275652323
3.7000000000 0.0261214099
3.7200000000 0.0247433132
3.7400000000 0.0234285480
3.7600000000 0.0221747727
3.7800000000 0.0209796995
3.8000000000 0.0198410947
3.8200000000 0.0187567798
3.8400000000 0.0177246314
3.8600000000 0.0167425817
3.8800000000 0.0158086187
3.9000000000 0.0149207861
3.9200000000 0.0140771833
3.9400000000 0.0132759653
3.9600000000 0.0125153423
3.9800000000 0.0117935796
4.0000000000 0.0111089965
4.0200000000 0.0104599667
4.0400000000 0.0098449170
4.0600000000 0.0092623267
4.0800000000 0.0087107272
4.1000000000 0.0081887010
4.1200000000 0.0076948808
4.1400000000 0.0072279487
4.1600000000 0.0067866353
4.1800000000 0.0063697185
4.2000000000 0.0059760229
4.2200000000 0.0056044184
4.2400000000 0.0052538192
4.2600000000 0.0049231830
4.2800000000 0.0046115097
4.3000000000 0.0043178400
4.3200000000 0.0040412550
4.3400000000 0.0037808743
4.3600000000 0.0035358555
4.3800000000 0.0033053927
4.4000000000 0.0030887154
4.4200000000 0.0028850876
4.4400000000 0.0026938066
4.4600000000 0.0025142016
4.4800000000 0.0023456329
4.5000000000 0.0021874911
4.5200000000 0.0020391953
4.5400000000 0.0019001927
4.5600000000 0.0017699570
4.5800000000 0.0016479882
4.6000000000 0.0015338107
4.6200000000 0.0014269728
4.6400000000 0.0013270458
4.6600000000 0.0012336229
4.6800000000 0.0011463182
4.7000000000 0.0010647662
4.7200000000 0.0009886205
4.7400000000 0.0009175532
4.7600000000 0.0008512540
4.7800000000 0.0007894295
4.8000000000 0.0007318024
4.8200000000 0.0006781107
4.8400000000 0.0006281070
4.8600000000 0.0005815579
4.8800000000 0.0005382432
4.9000000000 0.0004979554
4.9200000000 0.0004604989
4.9400000000 0.0004256896
4.9600000000 0.0003933542
4.9800000000 0.0003633297
5.0000000000 0.0003354626
5.0200000000 0.0003096091
5.0400000000 0.0002856338
5.0600000000 0.0002634097
5.0800000000 0.0002428176
5.1000000000 0.0002237458
5.1200000000 0.0002060895
5.1400000000 0.0001897506
5.1600000000 0.0001746372
5.1800000000 0.0001606632
5.2000000000 0.0001477484
5.2200000000 0.0001358173
5.2400000000 0.0001247998
5.2600000000 0.0001146301
5.2800000000 0.0001052471
5.3000000000 0.0000965934
5.3200000000 0.0000886158
5.3400000000 0.0000812646
5.3600000000 0.0000744934
5.3800000000 0.0000682591
5.4000000000 0.0000625215
5.4200000000 0.0000572433
5.4400000000 0.0000523897
5.4600000000 0.0000479285
5.4800000000 0.0000438297
5.5000000000 0.0000400653
5.5200000000 0.0000366096
5.5400000000 0.0000334386
5.5600000000 0.0000305300
5.5800000000 0.0000278633
5.6000000000 0.0000254193
5.6200000000 0.0000231805
5.6400000000 0.0000211304
5.6600000000 0.0000192538
5.6800000000 0.0000175370
5.7000000000 0.0000159668
5.7200000000 0.0000145314
5.7400000000 0.0000132197
5.7600000000 0.0000120217
5.7800000000 0.0000109278
5.8000000000 0.0000099295
5.8200000000 0.0000090188
5.8400000000 0.0000081883
5.8600000000 0.0000074314
5.8800000000 0.0000067417
5.9000000000 0.0000061136
5.9200000000 0.0000055418
5.9400000000 0.0000050214
5.9600000000 0.0000045481
5.9800000000 0.0000041178
6.0000000000 0.0000037267
6.0200000000 0.0000033713
6.0400000000 0.0000030487
6.0600000000 0.0000027558
6.0800000000 0.0000024901
6.1000000000 0.0000022491
6.1200000000 0.0000020306
6.1400000000 0.0000018326
6.1600000000 0.0000016532
6.1800000000 0.0000014908
6.2000000000 0.0000013438
6.2200000000 0.0000012108
6.2400000000 0.0000010906
6.2600000000 0.0000009819
6.2800000000 0.0000008837
6.3000000000 0.0000007949
6.3200000000 0.0000007148
6.3400000000 0.0000006426
6.3600000000 0.0000005774
6.3800000000 0.0000005186
6.4000000000 0.0000004656
6.4200000000 0.0000004178
6.4400000000 0.0000003748
6.4600000000 0.0000003361
6.4800000000 0.0000003013
6.5000000000 0.0000002700
6.5200000000 0.0000002418
6.5400000000 0.0000002165
6.5600000000 0.0000001937
6.5800000000 0.0000001733
6.6000000000 0.0000001550
6.6200000000 0.0000001385
6.6400000000 0.0000001238
6.6600000000 0.0000001105
6.6800000000 0.0000000987
6.7000000000 0.0000000881
6.7200000000 0.0000000786
6.7400000000 0.0000000701
6.7600000000 0.0000000625
6.7800000000 0.0000000556
6.8000000000 0.0000000496
6.8200000000 0.0000000441
6.8400000000 0.0000000393
6.8600000000 0.0000000349
6.8800000000 0.0000000311
6.9000000000 0.0000000276
6.9200000000 0.0000000245
6.9400000000 0.0000000218
6.9600000000 0.0000000193
6.9800000000 0.0000000172
7.0000000000 0.0000000152
7.0200000000 0.0000000135
7.0400000000 0.0000000120
7.0600000000 0.0000000106
7.0800000000 0.0000000094
7.1000000000 0.0000000083
7.1200000000 0.0000000074
7.1400000000 0.0000000065
7.1600000000 0.0000000058
7.1800000000 0.0000000051
7.2000000000 0.0000000045
7.2200000000 0.0000000040
7.2400000000 0.0000000035
7.2600000000 0.0000000031
7.2800000000 0.0000000027
7.3000000000 0.0000000024
7.3200000000 0.0000000021
7.3400000000 0.0000000019
7.3600000000 0.0000000016
7.3800000000 0.0000000014
7.4000000000 0.0000000013
7.4200000000 0.0000000011
7.4400000000 0.0000000010
7.4600000000 0.0000000009
7.4800000000 0.0000000008
7.5000000000 0.0000000007
7.5200000000 0.0000000006
7.5400000000 0.0000000005
7.5600000000 0.0000000005
7.5800000000 0.0000000004
7.6000000000 0.0000000003
7.6200000000 0.0000000003
7.6400000000 0.0000000003
7.6600000000 0.0000000002
7.6800000000 0.0000000002
7.7000000000 0.0000000002
7.7200000000 0.0000000002
7.7400000000 0.0000000001
7.7600000000 0.0000000001
7.7800000000 0.0000000001
7.8000000000 0.0000000001
7.8200000000 0.0000000001
7.8400000000 0.0000000001
7.8600000000 0.0000000001
7.8800000000 0.0000000001
7.9000000000 0.0000000000
7.9200000000 0.0000000000
7.9400000000 0.0000000000
7.9600000000 0.0000000000
7.9800000000 0.0000000000
8.0000000000 0.0000000000
8.0200000000 0.0000000000
8.0400000000 0.0000000000
8.0600000000 0.0000000000
8.0800000000 0.0000000000
8.1000000000 0.0000000000
8.1200000000 0.0000000000
8.1400000000 0.0000000000
8.1600000000 0.0000000000
8.1800000000 0.0000000000
8.2000000000 0.0000000000
8.2200000000 0.0000000000
8.2400000000 0.0000000000
8.2600000000 0.0000000000
8.2800000000 0.0000000000
8.3000000000 0.0000000000
8.3200000000 0.0000000000
8.3400000000 0.0000000000
8.3600000000 0.0000000000
8.3800000000 0.0000000000
8.4000000000 0.0000000000
8.4200000000 0.0000000000
8.4400000000 0.0000000000
8.4600000000 0.0000000000
8.4800000000 0.0000000000
8.5000000000 0.0000000000
8.5200000000 0.0000000000
8.5400000000 0.0000000000
8.5600000000 0.0000000000
8.5800000000 0.0000000000
8.6000000000 0.0000000000
8.6200000000 0.0000000000
8.6400000000 0.0000000000
8.6600000000 0.0000000000
8.6800000000 0.0000000000
8.7000000000 0.0000000000
8.7200000000 0.0000000000
8.7400000000 0.0000000000
8.7600000000 0.0000000000
8.7800000000 0.0000000000
8.8000000000 0.0000000000
8.8200000000 0.0000000000
8.8400000000 0.0000000000
8.8600000000 0.0000000000
8.8800000000 0.0000000000
8.9000000000 0.0000000000
8.9200000000 0.0000000000
8.9400000000 0.0000000000
8.9600000000 0.0000000000
8.9800000000 0.0000000000
9.0000000000 0.0000000000
9.0200000000 0.0000000000
9.0400000000 0.0000000000
9.0600000000 0.0000000000
9.0800000000 0.0000000000
9.1000000000 0.0000000000
9.1200000000 0.0000000000
9.1400000000 0.0000000000
9.1600000000 0.0000000000
9.1800000000 0.0000000000
9.2000000000 0.0000000000
9.2200000000 0.0000000000
9.2400000000 0.0000000000
9.2600000000 0.0000000000
9.2800000000 0.0000000000
9.3000000000 0.0000000000
9.3200000000 0.0000000000
9.3400000000 0.0000000000
9.3600000000 0.0000000000
9.3800000000 0.0000000000
9.4000000000 0.0000000000
9.4200000000 0.0000000000
9.4400000000 0.0000000000
9.4600000000 0.0000000000
9.4800000000 0.0000000000
9.5000000000 0.0000000000
9.5200000000 0.0000000000
9.5400000000 0.0000000000
9.5600000000 0.0000000000
9.5800000000 0.0000000000
9.6000000000 0.0000000000
9.6200000000 0.0000000000
9.6400000000 0.0000000000
9.6600000000 0.0000000000
9.6800000000 0.0000000000
9.7000000000 0.0000000000
9.7200000000 0.0000000000
9.7400000000 0.0000000000
9.7600000000 0.0000000000
9.7800000000 0.0000000000
9.8000000000 0.0000000000
9.8200000000 0.0000000000
9.8400000000 0.0000000000
9.8600000000 0.0000000000
9.8800000000 0.0000000000
9.9000000000 0.0000000000
9.9200000000 0.0000000000
9.9400000000 0.0000000000
9.9600000000 0.0000000000
9.9800000000 0.0000000000
10.0000000000 0.0000000000
10.0200000000 0.0000000000
10.0400000000 0.0000000000
10.0600000000 0.0000000000
10.0800000000 0.0000000000
10.1000000000 0.0000000000
10.1200000000 0.0000000000
10.1400000000 0.0000000000
10.1600000000 0.0000000000
10.1800000000 0.0000000000
10.2000000000 0.0000000000
10.2200000000 0.0000000000
10.2400000000 0.0000000000
10.2600000000 0.0000000000
10.2800000000 0.0000000000
10.3000000000 0.0000000000
10.3200000000 0.0000000000
10.3400000000 0.0000000000
10.3600000000 0.0000000000
10.3800000000 0.0000000000
10.4000000000 0.0000000000
10.4200000000 0.0000000000
10.4400000000 0.0000000000
10.4600000000 0.0000000000
10.4800000000 0.0000000000
10.5000000000 0.0000000000
10.5200000000 0.0000000000
10.5400000000 0.0000000000
10.5600000000 0.0000000000
10.5800000000 0.0000000000
10.6000000000 0.0000000000
10.6200000000 0.0000000000
10.6400000000 0.0000000000
10.6600000000 0.0000000000
10.6800000000 0.0000000000
10.7000000000 0.0000000000
10.7200000000 0.0000000000
10.7400000000 0.0000000000
10.7600000000 0.0000000000
10.7800000000 0.0000000000
10.8000000000 0.0000000000
10.8200000000 0.0000000000
10.8400000000 0.0000000000
10.8600000000 0.0000000000
10.8800000000 0.0000000000
10.9000000000 0.0000000000
10.9200000000 0.0000000000
10.9400000000 0.0000000000
10.9600000000 0.0000000000
10.9800000000 0.0000000000
11.0000000000 0.0000000000
11.0200000000 0.0000000000
11.0400000000 0.0000000000
11.0600000000 0.0000000000
11.0800000000 0.0000000000
11.1000000000 0.0000000000
11.1200000000 0.0000000000
11.1400000000 0.0000000000
11.1600000000 0.0000000000
11.1800000000 0.0000000000
11.2000000000 0.0000000000
11.2200000000 0.0000000000
11.2400000000 0.0000000000
11.2600000000 0.0000000000
11.2800000000 0.0000000000
11.3000000000 0.0000000000
11.3200000000 0.0000000000
11.3400000000 0.0000000000
11.3600000000 0.0000000000
11.3800000000 0.0000000000
11.4000000000 0.0000000000
11.4200000000 0.0000000000
11.4400000000 0.0000000000
11.4600000000 0.0000000000
11.4800000000 0.0000000000
11.5000000000 0.0000000000
11.5200000000 0.0000000000
11.5400000000 0.0000000000
11.5600000000 0.0000000000
11.5800000000 0.0000000000
11.6000000000 0.0000000000
11.6200000000 0.0000000000
11.6400000000 0.0000000000
11.6600000000 0.0000000000
11.6800000000 0.0000000000
11.7000000000 0.0000000000
11.7200000000 0.0000000000
11.7400000000 0.0000000000
11.7600000000 0.0000000000
11.7800000000 0.0000000000
11.8000000000 0.0000000000
11.8200000000 0.0000000000
11.8400000000 0.0000000000
11.8600000000 0.0000000000
11.8800000000 0.0000000000
11.9000000000 0.0000000000
11.9200000000 0.0000000000
11.9400000000 0.0000000000
11.9600000000 0.0000000000
11.9800000000 0.0000000000
12.0000000000 0.0000000000
12.0200000000 0.0000000000
12.0400000000 0.0000000000
12.0600000000 0.0000000000
12.0800000000 0.0000000000
12.1000000000 0.0000000000
12.1200000000 0.0000000000
12.1400000000 0.0000000000
12.1600000000 0.0000000000
12.1800000000 0.0000000000
12.2000000000 0.0000000000
12.2200000000 0.0000000000
12.2400000000 0.0000000000
12.2600000000 0.0000000000
12.2800000000 0.0000000000
12.3000000000 0.0000000000
12.3200000000 0.0000000000
12.3400000000 0.0000000000
12.3600000000 0.0000000000
12.3800000000 0.0000000000
12.4000000000 0.0000000000
12.4200000000 0.0000000000
12.4400000000 0.0000000000
12.4600000000 0.0000000000
12.4800000000 0.0000000000
12.5000000000 0.0000000000
12.5200000000 0.0000000000
12.5400000000 0.0000000000
12.5600000000 0.0000000000
12.5800000000 0.0000000000
12.6000000000 0.0000000000
12.6200000000 0.0000000000
12.6400000000 0.0000000000
12.6600000000 0.0000000000
12.6800000000 0.0000000000
12.7000000000 0.0000000000
12.7200000000 0.0000000000
12.7400000000 0.0000000000
12.7600000000 0.0000000000
12.7800000000 0.0000000000
12.8000000000 0.0000000000
12.8200000000 0.0000000000
12.8400000000 0.0000000000
12.8600000000 0.0000000000
12.8800000000 0.0000000000
12.9000000000 0.0000000000
12.9200000000 0.0000000000
12.9400000000 0.0000000000
12.9600000000 0.0000000000
12.9800000000 0.0000000000
13.0000000000 0.0000000000
13.0200000000 0.0000000000
13.0400000000 0.0000000000
13.0600000000 0.0000000000
13.0800000000 0.0000000000
13.1000000000 0.0000000000
13.1200000000 0.0000000000
13.1400000000 0.0000000000
13.1600000000 0.0000000000
13.1800000000 0.0000000000
13.2000000000 0.0000000000
13.2200000000 0.0000000000
13.2400000000 0.0000000000
13.2600000000 0.0000000000
13.2800000000 0.0000000000
13.3000000000 0.0000000000
13.3200000000 0.0000000000
13.3400000000 0.0000000000
13.3600000000 0.0000000000
13.3800000000 0.0000000000
13.4000000000 0.0000000000
13.4200000000 0.0000000000
13.4400000000 0.0000000000
13.4600000000 0.0000000000
13.4800000000 0.0000000000
13.5000000000 0.0000000000
13.5200000000 0.0000000000
13.5400000000 0.0000000000
13.5600000000 0.0000000000
13.5800000000 0.0000000000
13.6000000000 0.0000000000
13.6200000000 0.0000000000
13.6400000000 0.0000000000
13.6600000000 0.0000000000
13.6800000000 0.0000000000
13.7000000000 0.0000000000
13.7200000000 0.0000000000
13.7400000000 0.0000000000
13.7600000000 0.0000000000
13.7800000000 0.0000000000
13.8000000000 0.0000000000
13.8200000000 0.0000000000
13.8400000000 0.0000000000
13.8600000000 0.0000000000
13.8800000000 0.0000000000
13.9000000000 0.0000000000
13.9200000000 0.0000000000
13.9400000000 0.0000000000
13.9600000000 0.0000000000
13.9800000000 0.0000000000
14.0000000000 0.0000000000
14.0200000000 0.0000000000
14.0400000000 0.0000000000
14.0600000000 0.0000000000
14.0800000000 0.0000000000
14.1000000000 0.0000000000
14.1200000000 0.0000000000
14.1400000000 0.0000000000
14.1600000000 0.0000000000
14.1800000000 0.0000000000
14.2000000000 0.0000000000
14.2200000000 0.0000000000
14.2400000000 0.0000000000
14.2600000000 0.0000000000
14.2800000000 0.0000000000
14.3000000000 0.0000000000
14.3200000000 0.0000000000
14.3400000000 0.0000000000
14.3600000000 0.0000000000
14.3800000000 0.0000000000
14.4000000000 0.0000000000
14.4200000000 0.0000000000
14.4400000000 0.0000000000
14.4600000000 0.0000000000
14.4800000000 0.0000000000
14.5000000000 0.0000000000
14.5200000000 0.0000000000
14.5400000000 0.0000000000
14.5600000000 0.0000000000
14.5800000000 0.0000000000
14.6000000000 0.0000000000
14.6200000000 0.0000000000
14.6400000000 0.0000000000
14.6600000000 0.0000000000
14.6800000000 0.0000000000
14.7000000000 0.0000000000
14.7200000000 0.0000000000
14.7400000000 0.0000000000
14.7600000000 0.0000000000
14.7800000000 0.0000000000
14.8000000000 0.0000000000
14.8200000000 0.0000000000
14.8400000000 0.0000000000
14.8600000000 0.0000000000
14.8800000000 0.0000000000
14.9000000000 0.0000000000
14.9200000000 0.0000000000
14.9400000000 0.0000000000
14.9600000000 0.0000000000
14.9800000000 0.0000000000
15.0000000000 0.0000000000
