-5.0000000000 0.0000000152
-4.6875000000 0.0000000909
-4.3750000000 0.0000004961
-4.0625000000 0.0000024697
-3.7500000000 0.0000112105
-3.4375000000 0.0000463640
-3.1250000000 0.0001745750
-2.8125000000 0.0005980427
-2.5000000000 0.0018627870
-2.1875000000 0.0052727480
-1.8750000000 0.0135564817
-1.5625000000 0.0316459680
-1.2500000000 0.0670514269
-0.9375000000 0.1289149172
-0.6250000000 0.2248637420
-0.3125000000 0.3557932218
0.0000000000 0.5106226079
0.3125000000 0.6646687651
0.6250000000 0.7846997883
0.9375000000 0.8402169557
1.2500000000 0.8159582394
1.5625000000 0.7186744972
1.8750000000 0.5740971527
2.1875000000 0.4159465225
2.5000000000 0.2733526770
2.8125000000 0.1629783918
3.1250000000 0.0881944479
3.4375000000 0.0433514263
3.7500000000 0.0193829679
4.0625000000 0.0079010141
4.3750000000 0.0029467223
4.6875000000 0.0010108951
5.0000000000 0.0003214496
5.3125000000 0.0000957534
5.6250000000 0.0000270958
5.9375000000 0.0000074132
6.2500000000 0.0000020027
6.5625000000 0.0000005470
6.8750000000 0.0000001549
7.1875000000 0.0000000466
7.5000000000 0.0000000153
7.8125000000 0.0000000055
8.1250000000 0.0000000023
8.4375000000 0.0000000011
8.7500000000 0.0000000006
9.0625000000 0.0000000004
9.3750000000 0.0000000003
9.6875000000 0.0000000002
10.0000000000 0.0000000002
10.3125000000 0.0000000002
10.6250000000 0.0000000003
10.9375000000 0.0000000004
11.2500000000 0.0000000008
11.5625000000 0.0000000015
11.8750000000 0.0000000033
12.1875000000 0.0000000084
12.5000000000 0.0000000244
12.8125000000 0.0000000799
13.1250000000 0.0000002945
13.4375000000 0.0000012203
13.7500000000 0.0000056665
14.0625000000 0.0000294055
14.3750000000 0.0001700749
14.6875000000 0.0010935432
15.0000000000 0.0077972255
