-5.0000000000 0.0000000152
-4.9900000000 0.0000000162
-4.9700000000 0.0000000182
-4.9300000000 0.0000000231
-4.8500000000 0.0000000370
-4.6900000000 0.0000000930
-4.3700000000 0.0000005270
-3.7300000000 0.0000103339
-3.0900000000 0.0001465624
-2.7700000000 0.0005106119
-2.4500000000 0.0016101807
-2.1300000000 0.0045931152
-1.8100000000 0.0118456570
-1.4900000000 0.0276081172
-1.1700000000 0.0581277349
-0.8500000000 0.1105292258
-0.5300000000 0.1897704098
-0.2100000000 0.2941552211
0.1100000000 0.4116081379
0.4300000000 0.5199134121
0.7500000000 0.5928019379
1.3900000000 0.5668284362
1.7100000000 0.4753513771
2.3500000000 0.2459652480
2.6700000000 0.1517566052
2.9900000000 0.0845673514
3.3100000000 0.0425948096
3.6300000000 0.0194173503
3.9500000000 0.0080295546
4.2700000000 0.0030231079
4.5900000000 0.0010421266
4.9100000000 0.0003316492
5.2300000000 0.0000985743
5.5500000000 0.0000277916
5.8700000000 0.0000075803
6.5100000000 0.0000162199
7.1500000000 0.0000587745
7.4700000000 0.0000199524
7.7900000000 0.0000076034
8.1100000000 0.0000033039
8.7500000000 0.0000359946
9.0700000000 0.0000244434
9.3900000000 0.0000193985
9.7100000000 0.0000179896
10.0300000000 0.0000194681
10.3500000000 0.0000245292
10.6700000000 0.0000358800
10.9900000000 0.0000607329
11.1500000000 0.0000164255
11.3100000000 0.0000044504
11.6300000000 0.0000099824
11.9500000000 0.0000256375
12.2700000000 0.0000751264
12.4300000000 0.0000216300
12.5900000000 0.0000063250
12.9100000000 0.0000238813
13.0700000000 0.0000073877
13.2300000000 0.0000023358
13.5500000000 0.0000112164
13.8700000000 0.0000604613
14.0300000000 0.0000217636
14.1900000000 0.0000080690
14.3500000000 0.0000030846
14.6700000000 0.0000219253
14.8300000000 0.0000092386
14.9900000000 0.0000040277
15.0000000000 0.0000035017
