-5.0000000000 0.0000000152
-4.9900000000 0.0000000162
-4.9700000000 0.0000000182
-4.9300000000 0.0000000231
-4.8500000000 0.0000000370
-4.6900000000 0.0000000930
-4.3700000000 0.0000005270
-3.7300000000 0.0000103339
-2.4500000000 0.0007686859
-2.1300000000 0.0021927123
-1.8100000000 0.0056550112
-1.4900000000 0.0131798695
-1.1700000000 0.0277496634
-0.8500000000 0.0527656688
-0.5300000000 0.0905947049
-0.2100000000 0.1404270849
0.1100000000 0.1964980622
0.4300000000 0.2482020363
0.7500000000 0.2829983699
1.3900000000 0.2705988513
2.0300000000 0.1717268656
2.3500000000 0.1173515134
2.6700000000 0.0724039979
2.9900000000 0.0403475969
3.3100000000 0.0203222423
3.6300000000 0.0092641357
3.9500000000 0.0038309492
4.2700000000 0.0014423431
4.5900000000 0.0004972050
4.9100000000 0.0001582319
5.2300000000 0.0000470304
5.5500000000 0.0000132595
5.8700000000 0.0000036166
6.5100000000 0.0000077386
7.1500000000 0.0000280417
7.4700000000 0.0000095194
7.7900000000 0.0000036276
8.1100000000 0.0000015763
8.4300000000 0.0000007898
9.0700000000 0.0000104092
9.3900000000 0.0000082609
9.7100000000 0.0000076609
10.0300000000 0.0000082905
10.3500000000 0.0000104458
10.6700000000 0.0000152795
10.9900000000 0.0000258631
11.1500000000 0.0000069948
11.3100000000 0.0000018952
11.6300000000 0.0000042510
11.9500000000 0.0000109177
12.2700000000 0.0000319926
12.4300000000 0.0000092111
12.5900000000 0.0000026935
12.7500000000 0.0000008013
13.0700000000 0.0000032166
13.3900000000 0.0000145618
13.5500000000 0.0000048304
13.7100000000 0.0000016445
13.8700000000 0.0000005754
14.1900000000 0.0000034715
14.5100000000 0.0000233792
14.6700000000 0.0000095285
14.8300000000 0.0000040150
14.9900000000 0.0000017504
15.0000000000 0.0000015218
