-5.0000000000 0.0000000000
-4.9900000000 0.0100000000
-4.9700000000 0.0200000000
-4.9300000000 0.0400000000
-4.8500000000 0.0800000000
-4.6900000000 0.1600000000
-4.3700000000 0.3200000000
-3.7300000000 0.6400000000
-3.0900000000 0.6400000000
-2.7700000000 0.3200000000
-2.4500000000 0.3200000000
-2.1300000000 0.3200000000
-1.8100000000 0.3200000000
-1.4900000000 0.3200000000
-1.1700000000 0.3200000000
-0.8500000000 0.3200000000
-0.5300000000 0.3200000000
-0.2100000000 0.3200000000
0.1100000000 0.3200000000
0.4300000000 0.3200000000
0.7500000000 0.3200000000
1.3900000000 0.6400000000
1.7100000000 0.3200000000
2.3500000000 0.6400000000
2.6700000000 0.3200000000
2.9900000000 0.3200000000
3.3100000000 0.3200000000
3.6300000000 0.3200000000
3.9500000000 0.3200000000
4.2700000000 0.3200000000
4.5900000000 0.3200000000
4.9100000000 0.3200000000
5.2300000000 0.3200000000
5.5500000000 0.3200000000
5.8700000000 0.3200000000
6.5100000000 0.6400000000
7.1500000000 0.6400000000
7.4700000000 0.3200000000
7.7900000000 0.3200000000
8.1100000000 0.3200000000
8.7500000000 0.6400000000
9.0700000000 0.3200000000
9.3900000000 0.3200000000
9.7100000000 0.3200000000
10.0300000000 0.3200000000
10.3500000000 0.3200000000
10.6700000000 0.3200000000
10.9900000000 0.3200000000
11.1500000000 0.1600000000
11.3100000000 0.1600000000
11.6300000000 0.3200000000
11.9500000000 0.3200000000
12.2700000000 0.3200000000
12.4300000000 0.1600000000
12.5900000000 0.1600000000
12.9100000000 0.3200000000
13.0700000000 0.1600000000
13.2300000000 0.1600000000
13.5500000000 0.3200000000
13.8700000000 0.3200000000
14.0300000000 0.1600000000
14.1900000000 0.1600000000
14.3500000000 0.1600000000
14.6700000000 0.3200000000
14.8300000000 0.1600000000
14.9900000000 0.1600000000
15.0000000000 0.0100000000
